..55-

11111111 qu'on choisissait 11311, intelligent: 11 davone,
tels qu'ils redigeassent les 111111111 1111111 sans 11 him

aller 111 11111Ιί11 11 a l'amour (11111111, 11 11111111 111
’111111111111111111 111 1111111111ιό1 leur 11111111. Α 11 suite
de l'apoerisiaire etde l'archichanoelier, 11111111 11111
comprenait encore dans son organisation 11111111 11111-
1111111111;1’111111111111111111111, 11 1111111111 111111, 11 ’
1111111111, 1111111111, 11 1111111111, 1111111111111111,
quatoe veneurs principaux etun 1111111111.

(1111111111 11111111111111111111 11 1111111111111111111111111111,1111.,
1111115, 113, 1911. 1111111111 111 8111, 111 111 11 1111111 (1111111111,
n· 1112) 1111111111 111111111111,1111., 1· 1131 1111111111111 111
(1111111 1111111111, 1111111111 11111 1111111111 metuerim. 1 11 ff? 111
11111, 111 men 1111111111. 1111111111 11111111 1 1111111 11111 11111
comme 111111111111111 11111111 11 111111, 11111111 111111111811. [11
simple 1111111111111111111 111111111111111111111111. ΙΙ 11111111 11 1111111
sous 1111111 1111111. 1111111111111111111 111 1111111111 111 1111111
1111111 11111111. 181, 1111. 1111111111.,1. 111, 1. 111111 1111111
11111111 qui 1111111111 11111111111111111 11111 111 1111111111111

11 111111;1.Νό11111111 1111111111 1111 11111111 1111111111 111111 111
11111 11111111 111111 111 1111111111 11111111
11 1111111111τί1 11111. dez 1111111, 1. Ι. , 1. 1311. - vom 111111,
vennone 111111111111111111111, 111. 11111, 1 111,1.111; 811111,
11111 11111111111111111,1. 1, 111-1111.

111 secretis. 1111111111111 11111111 1111 11111111 1111111 111
1111111111 1111111111, 1111111111 111 111111111111111111111111111111
11 cham-elien 0111111111 1111111111 111111111111111111, 111 1111111111
111111111111111111111*111111..
. 1111111111111111111 111 111 111111111151· Ι, m· m 111111·
1111111, 1. Ι, 1. 11311111

2. 11 11111 111 (111 11111111 gui ,1111111111111111111111111 11 md·
1111111111. 111 11111111 11111111 1111111111 11111111.

1811111111111111. Nous ne connaissons 111 11111 1111111111 11
111111111111111 1 11111111 111111·1111111111.1111 111111 111 sabam

111111111111111111111111111111 1111111 ’1111111111 11111 ,

,1111 ’1. 111111111111 “.· 1111111111) :3532
1111111111111111111, 1.111,1. 1111811111111111111, 111 πωπω
1111111111111, dement usuelle 1111 11111 11 11111. - 11111 1111 11111
111 1111111111 111111 11111.

1. 1111111111 111-11111 111 11111 111 111 11111111111111111111111
officim : 11111111-11111.

 

