ΧΧΧΙΙΙ
11001111111100 1101111000 00110 1100 1010 1111011011 11110100
0110000 1111 01011111110000111 001100 11010 10110. 1101110010
11001 11111 01001100 111111 1100111110111110 0110101 100 1010,
110100 1111101· 01 1101110110111001ς 110111101100100 1010 00
0111110111 111 000101, 1111111101, 111 11011000110001111000.
1110011101 101011 10 1110111011100, 11110101100100111111110110
111100 01 1101000101101111101010 111» (10111110Ι 01 1111110111
101110 011111111100011 1101 1110111100 11011 110 10111110 11111111
01 111011. ,1110111111 1111 1111111111111100011 111101100111110
00110111101110111 0111110010. 110110111111111, 110111101111111110·
111111,1111111111 11 1111110 11011111Ιί0· 01 1111 101,11101110010
011 1110 11101100. 110 11101100 01 10 101 110 11101100,
,1110110111 1111110 000 1011111110 111110 1111111, 01 11101011
0111001100 100 11011111111001111100 0001111110011111 1101111110111
10 1111111110 0111011011, 10 011110 01 1010001001.

11· 1·οἰ 110 111111 111111111111111111· 100 11010110 11110 sa
charge lui 1111111100. 11 111111110111011101111100010 11 10011111
111 11011110 110 0011 011100, 110111 10 1111111 11101110 1111 1011
110110 111 1110011001. 10111010 110 8011110 1111111 1111 :
« 11011001110010 0110111111 1001111 011111, 1110011110 111010
1001011110 10111011011101110110101, 000001111001011111011. ι’

11001 111 110011111101016100110 10011011101110110 11· 010· · ’

010 se 1110100111 11 1111101011.

Le 1010 1100110101100111010 111011 01 ,11131100 0111010
1111-11101110, 0111010 ses 0111010.

8010100100 80111111001000111111011110111110 1011101011

1. 111 01111111, c. 101111.
’2. Sententiarum. 111,0. 11111111.

3. 1100000. 111. - 8111101101, c. 11. - 111000110111011111100.
11. - Aleum, 00. 11, 1111101. 101.. 101. C col. 1511. - (apim.
110 11011111, 10111 819, Peru, 11911, 1.1. 11316. .

1111011111. ⁸

 

